744
755
786
1731
2039
2587
2757
4152
6656
6830
9026
10604
11421
11973
12762
12887
12912
14360
16968
17165
17216
21223
21547
21576
22097
25681
29519
29931
30550
31748
32416
33225
34097
35183
35660
38507
40718
45587
46095
47652
49522
51926
52257
52693
53351
55682
57870
59160
62551
64977
66029
68861
68881
69977
70037
71628
73336
73432
73953
76793
79488
81891
83666
85648
85660
86195
88003
90177
90732
90749
90765
94198
95638
97551
97733
99145
99254
100340
100464
104882
106033
106041
106113
115826
118829
121308
121556
121789
123740
124027
124040
127308
128256
130258
132983
133482
134109
141059
141162
141236
