463
2348
2487
2640
2791
3048
3293
3699
3716
3733
3865
4684
5156
5323
5747
6167
6193
6947
7133
7831
8044
8166
8772
9583
9777
10009
10058
10092
10218
10371
10701
11011
11256
12065
12097
12161
12177
12299
12510
12674
12730
12985
13002
13024
13127
13159
13637
13711
13944
14247
14823
15757
16163
16451
16525
16701
16837
16867
17197
17363
17729
17869
18130
18319
18391
19029
19147
19619
20419
20658
20768
20775
20849
21519
21556
22130
22150
22325
22326
22797
22829
22947
23907
24188
24269
24801
24847
25265
25715
26133
26146
26295
26665
26960
27260
27948
28451
29093
29442
30213
