463
2348
2487
2640
2791
3048
3293
3699
3716
3733
3865
4684
5156
5323
5747
6167
6193
6947
7133
7831
8044
8166
8772
9583
9777
10009
10058
10092
10218
10371
10701
11011
11256
12065
12097
12161
12177
12299
12510
12674
12730
12985
13002
13024
13127
13159
13637
13711
13944
14247
14823
15757
16163
16451
16525
16701
16837
16867
17197
17363
17729
17869
18130
18319
18391
19029
19147
19619
20419
20658
20768
20775
20849
21519
21556
22130
22150
22325
22326
22797
22829
22947
23907
24188
24269
24801
24847
25265
25715
26133
26146
26295
26665
26960
27260
27948
28451
29093
29442
30213
30370
30748
30799
30874
31466
31838
31873
31963
31971
32813
33804
34026
34047
34124
34707
36868
36943
37056
38138
38186
38695
38790
39720
39958
39963
40379
40624
40635
40753
41005
41513
41697
42061
42081
42319
42626
42645
42654
42666
43023
43499
44184
44224
44639
45128
45256
45979
46015
47257
48096
48118
48677
48975
49032
49148
49304
50244
50597
50764
51399
51412
51449
51563
51586
51628
52252
52374
52821
52897
53095
53178
53868
53908
54082
54255
54357
54374
54698
54880
55658
56061
56612
56617
57668
57689
57772
57812
57822
58174
58601
59121
59413
59489
59721
60014
60217
60411
60790
60980
60990
