3020
5534
7176
14090
14941
17149
21960
29351
29871
30477
35153
35575
39299
41108
48263
50657
53321
56310
62238
62810
68099
68723
69897
70592
70951
102631
105868
113618
114380
121278
122957
123365
125842
132699
133224
139562
146555
147789
150481
153062
155450
164540
170742
176979
177535
178321
195294
201559
221246
223710
224675
230944
237117
243700
249153
260849
260862
260973
281490
285070
286991
287191
290149
292183
292479
293780
295996
314851
315827
320980
321851
323989
325626
325963
328674
341198
349189
349218
349904
358124
362986
365901
365924
369360
370813
375016
380946
387759
389893
392564
395612
396214
402126
402760
405635
408719
408936
417165
419169
432889
437073
439722
440847
442456
449020
