213
947
2042
2465
3534
4106
4426
5701
8068
9447
13085
13357
14169
14368
16537
18302
19901
20118
20694
22146
22562
24011
24032
24190
24820
25086
25142
25314
25891
27827
31192
31254
33071
34104
35926
37025
41157
41868
42743
44362
44458
45486
48539
48699
50298
50954
54089
54405
54429
55893
56860
57161
57879
59296
59681
60160
61974
61980
62518
63423
64937
65543
67013
67028
67349
69300
69375
71281
71401
71423
71428
74215
74225
74314
76226
76238
76387
78768
79443
81841
81883
81927
83388
83935
87749
87893
88110
88173
89354
90647
93212
93749
95486
96994
97230
101446
103835
103903
108143
109216
110292
110567
110999
111229
112181
113648
114698
115643
116870
117401
117668
118375
118835
120109
123213
123891
126305
127119
127499
131131
135585
138054
138096
139828
139925
140586
140605
140891
143738
145634
146483
146507
147367
147370
148921
148949
148965
149535
152057
156621
157792
159133
161375
162113
164762
170012
170043
170655
171450
172327
172703
172908
174418
177037
179311
180571
180686
181134
181576
181761
181872
182146
185159
185934
188312
192075
192832
195353
196624
198484
198567
198813
199291
200275
201564
201633
201847
202295
203717
204124
204800
206015
206078
206622
206654
207269
207302
207661
208908
211245
212444
213406
217444
217785
217790
218768
218955
219401
220218
220322
222347
223648
223656
223845
225299
227701
229534
230119
231697
232959
233422
234345
235689
239615
241729
242054
244969
245373
245400
247051
249877
250485
252423
252528
253218
256266
258165
260898
261007
261384
262075
262243
262265
263701
264099
265026
266321
266418
267479
268524
269239
269428
270530
271705
272430
272739
272802
273861
275132
275709
275921
278402
279286
279355
280901
283008
283672
286004
288263
291849
293132
293480
294187
296934
298160
298270
303115
304272
305873
308375
308800
308891
310117
310552
312771
314912
315002
316311
318742
318945
319949
321346
322220
322430
322730
323489
324049
324609
327000
327024
327040
327349
330071
330448
331226
332826
336489
336657
336834
338620
338692
338783
339411
339527
340457
340505
343465
343517
343844
344011
344732
346675
346793
347043
348137
348303
349302
349720
351414
351435
352419
353567
353887
354486
356871
358204
358703
359692
359855
361821
362252
362726
364232
364906
364915
365740
366750
367574
368817
371210
375024
376220
376279
377334
378807
381538
381587
382786
383929
386829
387260
390023
390419
390913
393764
394223
394491
398401
399280
400640
401918
403651
407463
407836
408582
411436
412796
413514
413660
418396
419813
421645
421981
423235
425829
426225
426605
427225
428774
431115
432448
432852
434770
436295
437713
438589
438790
440837
441164
442855
442958
443448
447554
447587
448021
449492
449617
