9864
10173
34592
36671
40940
47919
71551
73469
73570
73798
73952
78756
83972
85213
94202
104119
104425
108969
112757
113085
113337
113402
113904
127061
128255
128304
129408
130325
131350
133447
135218
140655
152112
160008
160150
166768
166873
167567
170112
172023
173990
175484
182584
190125
191471
195672
198642
201338
201368
204167
226565
228301
234855
234957
235958
240046
247045
267621
268200
282804
283541
287172
287178
294022
316747
326087
326878
328842
329692
332809
336444
336989
341762
342895
367412
368378
368492
377510
383342
385513
405790
405814
409756
412695
414298
414932
423114
426835
426932
430366
432071
