789
6473
9297
12276
30274
31230
49268
51905
59439
62081
63989
69966
71403
78848
89247
93712
94018
96004
97368
109915
110555
112284
117217
126886
132654
143342
150176
155000
178973
180648
181301
183437
184816
190375
207310
210646
213978
215744
215955
216219
225563
228100
232806
235692
236561
237914
238195
249889
251165
252248
256129
264742
270518
272509
276120
281134
291695
294389
298098
299032
302676
305032
307392
317174
318713
319917
320889
322882
333945
334902
340373
372499
374579
376163
376208
379219
379229
379712
387761
389505
391978
394467
396507
396603
397512
398826
411434
413597
414471
417777
430648
438308
439560
441906
442488
