11456
17433
22499
27767
34493
41164
42441
46218
47896
59909
62884
63667
72791
73569
74425
76056
78202
82703
91809
105839
111683
112669
117065
117344
119775
129360
138837
140653
141042
145390
155877
159321
160321
161779
166668
186951
191168
195633
195930
199688
200344
201223
201875
210159
218079
226525
232332
232494
238387
239477
240226
243366
251827
259411
266625
270778
271964
273104
287723
291595
291905
292153
299290
299940
300992
308478
308605
317983
323270
325663
332616
332953
338382
341739
345532
346205
347066
347126
349019
349396
352063
352466
360508
362304
366174
371232
374197
379087
384257
384791
384992
389875
393873
394671
400940
408497
413301
422003
422930
425341
429266
432516
440511
442084
443063
447116
448066
449289
