1705
6581
10851
15317
15431
22249
24286
36579
41431
44783
48674
50081
52125
52586
53090
58185
59601
64614
66163
68674
68996
69393
69636
74897
79142
80390
82322
88315
90730
97992
101097
105977
114325
115219
118117
125682
129748
129751
131646
134132
137237
139138
145918
153401
162608
165365
176110
177795
179798
180412
197692
205613
213218
213525
217478
220043
226224
232412
235665
240796
253432
276379
279589
281800
288765
298936
303373
306036
312872
321340
330354
330897
332005
335321
335726
339848
340902
356281
356350
361136
361590
374816
378027
383005
384335
392876
395128
416831
424449
425256
444373
449168
