744
755
786
1731
2039
2587
2757
4152
6656
6830
9026
10604
11421
11973
12762
12887
12912
14360
16968
17165
17216
21223
21547
21576
22097
25681
29519
29931
30550
31748
32416
33225
34097
35183
35660
38507
40718
45587
46095
47652
49522
51926
52257
52693
53351
55682
57870
59160
62551
64977
66029
68861
68881
69977
70037
71628
73336
73432
73953
76793
79488
81891
83666
85648
85660
86195
88003
90177
90732
90749
90765
94198
95638
97551
97733
99145
99254
100340
100464
104882
106033
106041
106113
115826
118829
121308
121556
121789
123740
124027
124040
127308
128256
130258
132983
133482
134109
141059
141162
141236
141286
141351
143648
144814
144865
145872
149972
153256
153259
154145
155322
157670
159244
159526
159815
159972
160881
168466
169307
173077
174551
175803
176532
177910
181086
181160
183563
184199
189504
189885
189922
191896
195674
196076
196130
197452
198665
198785
201774
206888
206892
211902
214566
214732
219134
219287
219935
221471
222187
223461
223915
223926
223980
224643
224748
224749
227041
227048
227710
229258
229281
229285
230754
231394
232598
235471
235502
237605
239229
240783
241459
242592
242713
242924
244065
248258
248482
248939
250708
250777
254239
254428
255465
257097
262770
263013
263752
266624
267853
267946
268205
269826
270567
271324
271994
273150
274414
274955
275129
275393
278479
279515
280416
282200
284848
288360
291061
293405
296479
297928
298343
299827
300188
300940
300988
301338
301537
308447
309986
310347
312701
312989
315097
319236
319348
319349
321252
321516
324232
325591
327101
328710
329204
329537
331211
332927
334860
339533
343528
343673
345573
346869
349008
349069
349449
349468
350826
352643
357915
361003
361526
362281
363639
365315
365468
365895
366027
367824
367947
369205
369223
369438
375522
378521
379484
382739
383007
384987
385085
391701
393316
395280
397433
398582
400685
401209
401235
402835
406999
407016
407106
411449
411888
414315
416812
418547
418554
421309
422468
422537
423090
427682
429055
432461
433026
433108
433627
435949
437816
438408
441361
443393
444073
446058
446180
447130
448719
