9864
10173
10926
17320
22785
24822
26986
29849
29869
34592
34793
36671
40940
41403
45312
47919
52023
54497
56883
58847
62989
64037
64773
71551
73469
73570
73573
73798
73952
75981
76535
78756
82905
83011
83055
83103
83698
83972
84448
84640
85213
90097
94202
97229
100208
104119
104425
106316
108646
108965
108969
109061
112360
112384
112757
113085
113337
113402
113904
115445
119881
123903
124012
127061
128255
128304
129408
130325
131350
132895
132912
133447
133714
135218
136290
138750
140372
140655
143617
144889
152112
157195
158147
160008
160150
164493
166768
166873
167567
169214
169298
170112
172023
173990
175484
182584
186114
189942
190125
191471
195672
195779
195797
196016
196634
198642
199662
201338
201368
202406
203309
203815
204167
207764
210167
210978
214804
216414
216642
217332
218433
221358
221408
223303
226565
226957
227722
228301
231654
234378
234751
234855
234957
235444
235958
240046
243227
243296
246676
247045
248205
249330
252894
258820
260297
263556
265821
267555
267621
267770
267846
267865
268200
269351
273021
273206
274349
275086
277057
277641
277847
279022
280195
280698
282804
283541
287172
287178
292164
294022
300096
301873
304431
308428
310195
316747
317141
321780
322297
323208
324287
326087
326878
328015
328431
328748
328842
329692
332809
333769
334917
335883
336444
336495
336546
336989
341590
341629
341762
342895
344353
353604
363676
365296
366114
367412
367875
368378
368492
369207
371323
375383
375543
375566
377510
378951
379777
379961
383342
385513
387168
387320
400926
401244
403390
405733
405790
405802
405814
407984
409756
412695
413789
414298
414932
420277
420649
421153
423114
426835
426932
427647
430366
432071
432120
432535
433484
439686
445458
447316
