5277
9459
12814
13065
13757
16424
19419
22792
23520
23657
24989
27100
27804
29650
30328
30679
30959
32804
33412
35718
35991
36418
36424
38097
42505
43479
45181
45842
45888
46445
47258
48761
48997
49768
51708
51709
52841
52955
53791
55705
59106
59115
60633
61457
65886
66194
66269
67385
67829
68668
69573
71753
71909
72327
75046
79865
80394
80850
86448
86507
88936
89454
92422
92524
97837
101167
103161
103408
103662
103848
107965
111423
111991
112301
114347
115038
117889
118180
118353
124291
124903
125165
125652
129793
131610
131808
137413
137578
137760
139104
139153
142094
145952
147019
153446
155114
155635
158205
160879
161918
165230
170983
171793
172567
172887
177239
179648
183044
183629
192266
193928
194029
194089
194146
194297
201491
205754
205768
207455
208634
211549
212425
215432
216611
217155
217399
221620
222939
226260
226632
229061
230577
232383
236196
238076
245780
251788
253603
253624
260531
261971
262017
263395
263898
265235
266725
272559
273432
276539
277276
278025
279867
279971
280774
280845
281786
284401
287238
288407
288862
289247
291568
291916
296767
298801
298925
301057
302370
303392
304044
306895
307176
310667
312202
314078
315328
317543
318420
319221
322242
322661
323698
326236
327690
330880
331754
335303
336077
336599
336803
338387
339802
343923
345236
347478
348243
349116
349577
350134
352828
353257
354081
354864
354879
354897
357988
359051
359374
360183
365065
366706
368923
371860
373447
374682
375164
376984
379099
381049
386896
388005
388043
388897
389609
394905
395134
399152
402469
403268
404229
406355
406882
408393
412074
416050
418065
423031
424456
426634
429117
429472
431731
431755
431764
434151
439923
440597
441600
442220
442224
445543
448153
