3870
7456
7530
15953
19700
21151
22085
22686
22904
23678
23960
24576
24698
33719
35565
37541
37927
39547
39910
42708
50842
57528
61266
61284
61693
66867
68463
73206
75281
76150
76180
78509
81286
86037
90130
90690
90721
93932
94135
96877
96966
99102
101191
102426
102745
103980
104057
104276
105019
105230
109965
110418
111049
111549
112405
113756
113933
119525
126653
126750
126821
132369
135793
138256
139761
144051
148896
149892
150968
158721
162842
165625
168566
169085
171254
172708
178376
179009
182622
182698
183276
186902
187380
191746
195541
196456
205418
209185
210213
212226
214528
215264
221172
222747
229825
236640
238272
240937
241763
241766
241991
242342
246382
248308
251078
258027
258219
264589
265603
265777
267214
267344
273876
274865
277573
280314
282952
283106
286232
289928
297975
298022
299107
300725
303145
303186
303612
305140
305964
310258
315740
319641
323756
331896
331899
332631
333657
335168
339285
343944
345839
346442
347121
347588
348299
350014
351357
353305
363142
363211
363810
363846
364767
365909
366931
370030
372392
373462
376452
376800
380548
382912
384072
384530
384594
385581
386727
388193
394552
394579
401542
402239
404734
404748
408829
409866
410007
414202
422780
423655
425110
425910
426643
427422
428328
428822
430444
432858
432860
433037
433535
435695
442306
443187
443237
