9835
20596
25081
31058
36595
37004
37611
41056
41640
48185
50350
51002
55069
57488
58002
62632
66629
67442
71024
82600
83471
84938
85164
87318
90368
93699
97281
107076
119544
122676
126319
130159
147292
158732
160021
166433
166516
167947
168639
178642
186262
188442
192877
212621
219368
226015
232815
235341
241349
249070
249977
252951
258458
258549
261208
272651
276976
277650
278654
284802
285445
294199
295773
296784
298556
312314
313569
315567
316902
320966
326730
334834
342850
344084
350887
351175
362262
367368
371257
372503
377834
379910
380143
380320
387672
413632
417149
417214
423700
425986
432023
435859
