19282
22198
30500
49501
49616
58123
58525
59375
82464
82946
83299
84232
84696
87576
97536
105352
105693
105807
108809
111398
113343
118397
121291
130281
138591
141285
149124
155580
161209
161260
161771
168264
172761
179500
181007
189914
190702
191457
195767
195867
197461
201308
206843
208354
208477
217259
218513
224768
237985
238056
242698
250914
258781
260323
278119
278828
284633
288549
295411
310530
321802
322034
323233
326300
326915
330784
333693
336976
340692
345566
347694
355192
356728
357882
391672
391733
392860
400431
400705
403149
404966
405238
407926
410964
411511
418540
421861
427012
429030
435000
436647
442033
442119
443486
443595
445519
446219
