463
2348
2487
2640
2791
3048
3293
3699
3716
3733
3865
4684
5156
5323
5747
6167
6193
6947
7133
7831
8044
8166
8772
9777
10009
10058
10092
10218
10371
10701
11011
11256
12065
12097
12161
12177
12299
12510
12674
12730
12985
13002
13024
13127
13159
13637
13711
14247
14823
15757
16163
16451
16525
16837
16867
17197
17363
17729
17869
18130
18319
18391
19029
19147
19619
20419
20658
20768
20775
20849
21519
21556
22130
22150
22325
22326
22797
22829
22947
23907
24188
24269
24801
24847
25265
25715
26133
26146
26295
26665
26960
27260
27948
28451
29093
29442
30748
30799
30874
31466
31838
31873
31963
31971
32813
33804
34047
34707
36868
36943
38186
38695
39720
39958
39963
40379
40624
40635
40753
41005
41513
41697
42061
42081
42319
42626
42654
42666
43023
43499
44184
44224
45128
45256
45979
47257
48096
48118
48677
48975
49032
49148
49304
50597
51399
51412
51449
51563
51586
51628
52374
52897
53095
53868
54082
54255
54357
54374
54698
54880
55658
56061
56612
56617
57668
57689
57772
57812
57822
58174
58601
59121
59413
59489
59721
60014
60217
60411
60790
60990
61119
61650
62098
63168
63620
63730
63773
64388
64567
64685
65540
65615
65800
66142
66165
66447
67019
67281
67938
68168
68183
68460
69470
70147
70224
70332
70346
70376
70409
70413
70572
71467
71977
72081
72596
73352
73540
73709
73802
73809
73875
74090
74589
74783
74981
75026
75067
75254
75317
75318
75362
75495
77034
77320
78298
78556
78942
79038
79126
79583
79713
80237
80658
80709
80798
81011
81017
81070
82585
84033
84098
84194
85881
85925
86472
86622
86646
87288
88331
88580
88743
88817
89071
89512
89515
90121
90503
90515
90615
90977
90988
91319
92578
92605
92863
92879
93237
93238
94688
95119
95274
96372
96442
96683
98055
98186
98211
98416
99585
99777
100573
100957
100977
101125
101669
102211
102260
102292
102300
102304
102344
102502
102784
102824
102875
102916
102963
102982
103567
103854
105258
105378
105509
106090
106424
106862
106995
107111
107830
107831
108643
108843
109247
111869
111888
112635
112731
113045
113416
113788
114358
114381
114393
114414
115067
115148
115739
116691
117187
118096
119087
119128
119129
119252
119322
119327
120754
122038
122121
122144
122171
122211
122987
124608
124893
124952
124961
125258
125305
125404
125655
125661
126059
126235
126356
127513
127711
127725
128307
128375
129225
129343
129915
129940
130526
130622
130697
130774
130892
131004
131812
131974
132013
132106
132381
132566
133961
134582
134696
135643
136315
136959
137506
137576
137736
137873
137940
137946
138116
138134
139266
139282
140628
141811
141814
141974
142007
142021
142132
142238
142240
142267
142288
142323
142338
142394
143253
145795
146052
146067
146075
146299
146300
146327
146986
147613
147643
147886
147993
148006
148501
149381
150148
150233
151518
152973
153023
153380
153752
154421
154749
154771
154903
155093
156074
156366
156875
156882
156905
158681
160447
160575
161210
161308
162728
162772
162846
163114
164841
164849
165283
165371
165443
165490
166087
166120
167081
167779
168144
168275
168802
168929
170267
170332
170346
171028
171534
171560
173167
173174
173265
173320
173620
174191
174824
175155
175400
175462
175491
175870
175885
175904
176707
177253
177465
178038
178045
178603
178843
179629
180430
180580
181100
181104
181801
182290
183153
183290
183786
183925
183934
183950
184459
185154
185710
186450
186857
187144
188383
189687
190990
191686
191971
192429
192616
194342
194374
194425
194658
194663
194706
194804
194841
195074
195127
196258
196304
196390
196471
198228
198531
198942
200409
200893
200964
201028
201053
201117
202043
202257
202262
202504
202533
202949
203615
203902
204399
204470
205002
205218
205259
205852
205939
207042
207191
207503
208256
208707
209615
210193
210554
210573
210761
211499
211558
211674
212440
213567
213608
213648
213882
214911
214927
215459
215461
215645
216082
216465
216617
217563
219123
219283
219317
219531
220210
220993
221782
221934
224069
224093
224121
224188
225672
226360
226694
227121
227261
228467
228477
228820
229366
229385
230586
230616
231235
231451
232038
232055
232810
234057
234532
234562
234583
235087
235098
237113
237509
237743
237831
238492
239586
239790
239898
240346
240581
240869
240898
241625
242784
243623
243785
244214
244752
244778
246097
246158
246168
247378
247851
248673
249661
250098
251009
251694
251893
253906
254576
255600
255652
255706
255749
255752
255806
255841
255862
255871
256637
256734
256771
256779
256832
257350
257497
257518
257624
257680
258819
258970
259597
259830
260541
261963
261974
261984
262041
262106
262263
262268
262372
262410
262567
263748
264035
264374
264380
264881
264917
265270
265300
265536
266920
267246
267650
268009
268281
268896
269687
270123
270132
271023
271562
272442
272558
273313
273533
273601
274083
276438
276795
277254
277403
278258
278507
279842
280003
281194
281374
282097
282351
282493
282898
284004
284164
284504
284721
284758
285252
285650
285668
285682
285703
286627
286838
287847
287977
288016
288779
289321
289833
291395
292290
292864
293117
293635
293772
295273
296127
296132
296357
297051
297166
297811
297859
297892
298356
301088
301160
301647
302485
303387
303447
303453
304845
304900
304929
304974
305587
305661
306212
306755
307013
307233
307675
308222
308964
309355
309385
309404
310911
310920
310925
310968
310971
312003
312205
312499
313613
313633
313699
313714
314129
314193
315661
316030
316771
317488
317990
318570
318632
319613
320032
320468
320575
320786
320804
321501
321866
322121
323040
323752
324961
326613
326670
327206
327210
327757
327823
327834
328515
328517
328520
328529
328955
329936
329953
330808
331319
331724
332044
332709
333338
333716
333967
334210
336110
336609
337064
337868
337872
340206
340875
340889
341976
343691
343860
345268
345305
345317
345340
345416
346352
347789
348673
349582
351270
351281
352770
352849
354194
357188
357353
357391
358051
359045
359053
359124
359125
359133
359156
360175
360709
361613
361629
361638
361681
362095
362132
362191
362433
362627
362643
363520
363655
363742
364189
364648
364676
365220
365525
365618
365821
366294
367730
368890
368908
369755
370353
370408
370919
371559
371594
371857
371867
371879
372379
372842
374957
376118
376386
377284
377309
377587
378145
378595
378621
379260
379577
380724
381078
381411
381733
381790
382400
383040
383069
383124
383502
383575
385270
385700
385715
386062
386654
387483
388109
388871
389371
389408
390179
390601
391164
392274
392758
392866
392960
393708
394092
394853
394864
395157
395392
395738
395812
396243
397852
398158
398674
399573
400255
400305
400805
402039
402045
402076
402543
402919
402944
404359
404954
405514
405897
405919
406503
409172
409203
411164
411371
412121
412620
412916
412998
413333
415064
415097
415339
416098
416498
417513
418149
418172
418344
419564
419608
419765
419826
422285
422459
422745
422908
423142
423172
423423
423883
423902
424520
424636
424641
426794
427417
427722
427860
428178
428663
429484
430732
431326
431732
432696
432706
432708
434618
435071
436472
436560
437414
439387
439587
439756
440247
441478
441552
441559
441867
441883
442241
444095
445107
445159
445980
449223
