490
744
755
786
818
1546
1731
1761
2039
2184
2587
2615
2657
2670
2757
2986
3327
3542
4152
4499
5140
5374
6033
6328
6656
6830
7192
7941
7942
8325
8330
8726
9026
9475
10120
10490
10604
10856
11110
11421
11973
12365
12394
12397
12762
12887
12912
13536
13684
14264
14360
14866
15735
16240
16865
16968
17165
17216
18221
18893
19634
19845
20592
20667
21223
21454
21547
21576
21681
22000
22094
22097
22200
24346
24958
25295
25311
25681
25791
25820
26519
27790
27920
28099
28843
28979
29519
29931
30550
31178
31748
31771
32337
32416
33005
33225
33738
33771
33997
34097
34957
34978
35183
35660
36204
36741
38025
38033
38038
38259
38507
38556
38570
39269
39290
39339
39437
39677
40212
40718
40885
41177
41399
42186
42218
43543
43639
45587
45590
45629
45687
46095
46105
47117
47652
47826
47901
48444
48462
49522
51136
51822
51898
51912
51926
52257
52356
52676
52682
52693
52713
53351
54869
55404
55682
55808
55948
56942
56946
56958
57851
57870
59150
59160
59864
60142
60885
62000
62108
62551
62587
62784
63178
63516
63584
63901
64759
64884
64977
65438
65494
65703
65864
66029
66084
67155
67191
68248
68861
68881
69399
69904
69947
69977
70037
71426
71456
71611
71628
71635
72627
72631
72842
72870
73336
73432
73486
73510
73953
73974
74524
76043
76278
76678
76742
76793
78182
78200
78384
78797
79478
79488
80045
80046
81891
81910
81939
82406
82439
83195
83315
83666
83675
83789
83806
83922
84297
84648
84874
85418
85648
85660
85665
85675
85716
86156
86164
86182
86195
88003
88851
89562
89933
90177
90732
90749
90755
90765
91153
91168
91172
91628
91737
91776
91904
91951
91966
92150
92160
92190
92196
92219
94198
94251
94268
95298
95532
95567
95638
97359
97416
97551
97667
97707
97733
97763
97772
98952
99128
99145
99254
99272
99796
99975
100329
100340
100464
100602
100912
101038
104416
104882
104981
105131
105636
105714
105970
106033
106041
106113
106379
106629
108660
109102
109243
110103
110181
110954
111297
111672
111690
113024
113299
113713
114243
114757
115297
115690
115788
115826
116194
116883
116984
117094
117174
117325
117507
118418
118829
119943
120164
120334
120863
121308
121556
121789
123729
123740
123993
124027
124040
124133
127308
127323
127433
127633
128188
128256
128609
128846
129032
129042
129452
130258
130292
130306
131506
132736
132752
132935
132938
132983
133482
133616
133683
134109
134213
135479
136350
136715
138751
138797
138802
138823
138864
138899
138912
139035
140993
141059
141068
141162
141206
141236
141261
141286
141325
141351
143394
143506
143648
144671
144810
144814
144865
145361
145408
145872
146101
146162
147920
148459
148465
148806
149122
149758
149764
149972
150290
150636
151186
152134
152806
153255
153256
153259
153275
153290
154145
154234
154618
154619
154946
155322
157009
157063
157670
158769
158798
158947
159244
159526
159815
159823
159972
160881
161213
161254
161459
163476
164798
165807
165868
165934
168012
168466
169203
169238
169307
169358
169376
170132
170712
170831
170848
171115
171377
171417
171892
172044
172408
173015
173033
173077
173453
173867
174034
174040
174051
174551
175366
175794
175803
175991
176277
176532
176540
176541
177000
177088
177910
177935
178472
179494
181086
181160
181241
181510
181938
182832
183563
184199
184694
184968
186384
186964
188164
188176
188180
188187
188798
189035
189155
189196
189244
189426
189504
189511
189885
189922
190701
191523
191539
191896
192097
192106
193012
193102
193772
195674
195805
195868
195913
196024
196076
196130
196661
196986
197221
197303
197314
197410
197452
197553
198665
198734
198785
198791
199741
199788
201774
203722
204161
204613
204743
204789
205496
205608
206681
206875
206888
206892
207568
208998
210130
211471
211902
212302
212319
212673
212678
212742
212893
213013
213464
214417
214566
214732
214748
214833
215378
215575
215984
216838
218063
218083
218456
218802
219134
219287
219935
220011
220377
220424
220905
221381
221414
221471
221482
222187
222228
222404
223368
223377
223416
223430
223453
223461
223915
223926
223940
223980
223988
224643
224682
224748
224749
225369
225656
226593
227041
227048
227710
227744
228915
228920
229258
229281
229285
229731
229783
229799
230464
230493
230754
231394
231519
231723
231735
232598
232898
232971
233757
234847
234891
234962
235376
235431
235471
235502
235540
235545
235549
235926
236081
236896
237554
237605
238426
239173
239222
239229
239246
239397
239443
239730
239737
239740
239939
240481
240783
241268
241363
241459
241518
241798
241811
242082
242225
242238
242273
242431
242592
242667
242713
242754
242924
242972
243079
243142
243201
243204
243763
243801
244065
244108
244561
244934
245075
245870
245931
245960
245968
246532
246798
246803
246930
246941
247186
247424
247445
248258
248263
248415
248425
248482
248939
249443
249640
250529
250535
250562
250708
250760
250777
250815
250908
251330
251876
251898
251969
252829
252861
253372
254134
254239
254294
254337
254416
254428
254430
255450
255465
255472
256517
257062
257097
257154
257700
258807
258836
259448
259539
260102
260405
260431
260916
261492
261739
261762
262770
262803
262957
262975
263013
263039
263072
263490
263663
263752
264183
265099
265183
265366
266624
267062
267553
267853
267946
268205
268231
268712
268735
269228
269231
269826
270142
270567
271324
271975
271994
272059
273150
273260
274414
274955
275021
275118
275129
275393
275428
275814
275893
276175
277394
277932
278437
278479
278965
279003
279026
279052
279458
279515
279803
280416
280420
280745
281324
281919
282200
283051
283418
284342
284367
284848
284934
284959
285076
285340
286340
286611
287712
287842
288360
288546
289676
289783
290314
290660
291061
291197
291620
291714
292632
292654
292779
293405
294592
294658
294682
295289
295478
296203
296479
296822
296831
297492
297803
297928
298343
299289
299291
299308
299827
300083
300188
300940
300961
300979
300988
301338
301424
301537
301561
302091
303732
303787
303809
303868
303902
303906
304584
304621
304681
304716
306258
306315
306554
308401
308415
308440
308447
308572
308616
308673
309986
310347
310529
311155
311160
311163
311402
311404
311431
312701
312989
313158
314362
314508
314582
315097
315126
315184
315889
315929
316121
316727
316980
317720
317793
317820
318297
318621
319236
319253
319273
319328
319334
319348
319349
321252
321267
321453
321516
321805
321945
322320
322382
322437
322702
323027
323642
324135
324232
324241
324269
324293
324315
324708
324788
324803
325591
325630
326156
326620
326658
326817
326889
327101
327492
327620
328465
328710
328845
329143
329204
329464
329537
331052
331211
331308
331695
331757
332236
332254
332927
333006
333785
334053
334129
334229
334246
334860
335860
335874
336001
337028
337699
337897
337912
338135
339533
340698
340760
340775
341817
343058
343108
343509
343528
343673
344399
344600
345554
345573
345583
345617
345717
346175
346282
346869
347112
348467
348934
348997
349008
349056
349069
349428
349449
349468
350031
350199
350423
350712
350821
350826
351467
351491
351505
352008
352079
352511
352549
352626
352643
353320
353703
353759
353844
354706
355223
355233
355244
355565
355744
356347
356662
357529
357915
358411
359411
359489
359491
359591
360519
361003
361072
361526
361535
361986
362270
362278
362281
362364
362460
362585
362600
362759
362818
363481
363639
363698
363699
364041
364107
364491
364537
365306
365315
365396
365468
365895
366027
366151
366160
366203
367458
367824
367947
369205
369220
369223
369438
369448
369579
369953
370873
371333
372320
373023
373818
375517
375522
375599
377080
378479
378488
378490
378521
378536
378762
379101
379427
379468
379484
379487
379802
379958
380033
380677
380707
381322
382739
382748
383007
383737
383808
384178
384265
384701
384929
384987
385027
385052
385057
385085
385120
385652
386231
386233
386248
386908
386948
386972
387006
387128
387214
388004
388289
388293
388783
388799
388807
388817
388820
389540
389651
390102
390149
390192
390969
391006
391359
391361
391394
391701
391767
393152
393176
393191
393212
393316
393374
393836
393849
394012
394693
394727
394734
394740
395231
395280
395494
395522
395606
395684
396744
396754
397152
397433
397446
398088
398271
398582
398761
398853
398932
398981
399546
400685
400729
400746
400981
401206
401209
401235
401765
401850
402014
402432
402544
402795
402835
403476
403979
404001
404870
405265
405273
405792
405819
406287
406303
406987
406999
407016
407106
407129
407135
407181
407258
407442
407568
407645
408018
408052
408064
409161
409372
409676
410616
411045
411449
411831
411888
412391
412901
412972
413167
413327
413755
414315
414734
415119
415251
415477
415647
416812
416819
418470
418519
418523
418545
418547
418554
418561
418600
418651
418732
418802
418839
418841
418901
419304
419376
419407
419409
420600
420614
421001
421261
421309
421375
421405
421412
421614
421616
421704
421844
422205
422380
422389
422468
422537
422656
422749
423090
423123
423136
424941
424990
425315
425352
425998
426017
426257
426258
427393
427682
427719
427826
428352
428490
428985
429037
429055
429312
430078
430721
430868
431315
431579
431581
431593
432147
432433
432461
432530
432551
432567
433026
433108
433128
433493
433495
433510
433627
433776
434323
435949
435978
436301
436678
436699
436722
436735
436907
437162
437633
437736
437816
438408
438436
438869
439341
439364
439871
440270
440639
440970
441014
441361
441444
442034
442151
442576
443393
443549
443617
443650
444073
444093
444460
444671
444734
445827
446040
446058
446180
446499
446602
447056
447130
447410
448433
448508
448517
448719
449032
449069
449372
449376
449770
449834
