490
744
755
786
818
1546
1731
1761
2039
2184
2587
2615
2657
2670
2757
2986
3327
3542
4152
4499
5140
5374
6033
6328
6656
6830
7192
7941
7942
8325
8330
8726
9026
9475
10120
10490
10604
10856
11110
11421
11973
12365
12394
12397
12762
12887
12912
13536
13684
14264
14360
14866
15735
16240
16865
16968
17165
17216
18221
18893
19634
19845
20592
20667
21223
21454
21547
21576
21681
22000
22094
22097
22200
24346
24958
25295
25311
25681
25791
25820
26519
27790
27920
28099
28843
28979
29519
29931
30550
31178
31748
31771
32337
32416
33005
33225
33738
33771
33997
34097
34957
34978
35183
35660
36204
36741
38025
38033
38038
38259
38507
38556
38570
39269
39290
39339
39437
39677
40212
40718
40885
41177
41399
42186
42218
43543
43639
45587
45590
45629
45687
46095
46105
47117
47652
47826
47901
48444
48462
49522
51136
51822
51898
51912
51926
52257
52356
52676
52682
52693
52713
53351
54869
55404
55682
55808
55948
56942
56946
56958
57851
57870
59150
59160
59864
60142
60885
62000
62108
62551
62587
62784
63178
63516
63584
63901
64759
64884
64977
65438
65494
65703
65864
66029
66084
67155
67191
68248
68861
68881
69399
69904
69947
69977
70037
71426
71456
71611
71628
71635
