490
744
755
786
818
1546
1731
1761
2039
2184
2587
2615
2657
2670
2757
2986
3327
3542
4152
4499
5140
5374
6033
6328
6656
6830
7192
7941
7942
8325
8330
8726
9026
9475
10120
10490
10604
10856
11110
11421
11973
12365
12394
12397
12762
12887
12912
13536
13684
14264
14360
14866
15735
16240
16865
16968
17165
17216
18221
18893
19634
19845
20592
20667
21223
21454
21547
21576
21681
22000
22094
22097
22200
24346
24958
25295
25311
25681
25791
25820
26519
27790
27920
28099
28843
28979
29519
29931
30550
31178
31748
31771
32337
32416
33005
33225
33738
33771
33997
34097
